# UV-Vis Spectrum
# X-Axis:  Wavelength (nm)
# Y-Axis:  &epsilon;
# Y-Axis2: Oscillator Strength

# Peak information
#                  X                   Y                  Y2
#     651.2100000000        3.0265000000 19457546.8819301799
#     599.1600000000        0.2277000000  1463896.7206395180
#     442.9300000000        0.1838000000  1181661.0331732251
#     414.8400000000        0.0003000000     1928.7176820020
#     414.7100000000        0.0001000000      642.9058940007
#     402.5700000000        1.0647000000  6845019.0534250988

# Spectra
#                  X                   Y               DY/DX
     -200.0000000000        0.0000000000        0.0000000000
     -197.2000000000        0.0000000000        0.0000000000
     -194.4000000000        0.0000000000        0.0000000000
     -191.6000000000        0.0000000000        0.0000000000
     -188.8000000000        0.0000000000        0.0000000000
     -186.0000000000        0.0000000000        0.0000000000
     -183.2000000000        0.0000000000        0.0000000000
     -180.4000000000        0.0000000000        0.0000000000
     -177.6000000000        0.0000000000        0.0000000000
     -174.8000000000        0.0000000000        0.0000000000
     -172.0000000000        0.0000000000        0.0000000000
     -169.2000000000        0.0000000000        0.0000000000
     -166.4000000000        0.0000000000        0.0000000000
     -163.6000000000        0.0000000000        0.0000000000
     -160.8000000000        0.0000000000        0.0000000000
     -158.0000000000        0.0000000000        0.0000000000
     -155.2000000000        0.0000000000        0.0000000000
     -152.4000000000        0.0000000000        0.0000000000
     -149.6000000000        0.0000000000        0.0000000000
     -146.8000000000        0.0000000000        0.0000000000
     -144.0000000000        0.0000000000        0.0000000000
     -141.2000000000        0.0000000000        0.0000000000
     -138.4000000000        0.0000000000        0.0000000000
     -135.6000000000        0.0000000000        0.0000000000
     -132.8000000000        0.0000000000        0.0000000000
     -130.0000000000        0.0000000000        0.0000000000
     -127.2000000000        0.0000000000        0.0000000000
     -124.4000000000        0.0000000000        0.0000000000
     -121.6000000000        0.0000000000        0.0000000000
     -118.8000000000        0.0000000000        0.0000000000
     -116.0000000000        0.0000000000        0.0000000000
     -113.2000000000        0.0000000000        0.0000000000
     -110.4000000000        0.0000000000        0.0000000000
     -107.6000000000        0.0000000000        0.0000000000
     -104.8000000000        0.0000000000        0.0000000000
     -102.0000000000        0.0000000000        0.0000000000
      -99.2000000000        0.0000000000        0.0000000000
      -96.4000000000        0.0000000000        0.0000000000
      -93.6000000000        0.0000000000        0.0000000000
      -90.8000000000        0.0000000000        0.0000000000
      -88.0000000000        0.0000000000        0.0000000000
      -85.2000000000        0.0000000000        0.0000000000
      -82.4000000000        0.0000000000        0.0000000000
      -79.6000000000        0.0000000000        0.0000000000
      -76.8000000000        0.0000000000        0.0000000000
      -74.0000000000        0.0000000000        0.0000000000
      -71.2000000000        0.0000000000        0.0000000000
      -68.4000000000        0.0000000000        0.0000000000
      -65.6000000000        0.0000000000        0.0000000000
      -62.8000000000        0.0000000000        0.0000000000
      -60.0000000000        0.0000000000        0.0000000000
      -57.2000000000        0.0000000000        0.0000000000
      -54.4000000000        0.0000000000        0.0000000000
      -51.6000000000        0.0000000000        0.0000000000
      -48.8000000000        0.0000000000        0.0000000000
      -46.0000000000        0.0000000000        0.0000000000
      -43.2000000000        0.0000000000        0.0000000000
      -40.4000000000        0.0000000000        0.0000000000
      -37.6000000000        0.0000000000        0.0000000000
      -34.8000000000        0.0000000000        0.0000000000
      -32.0000000000        0.0000000000        0.0000000000
      -29.2000000000        0.0000000000        0.0000000000
      -26.4000000000        0.0000000000        0.0000000000
      -23.6000000000        0.0000000000        0.0000000000
      -20.8000000000        0.0000000000        0.0000000000
      -18.0000000000        0.0000000000        0.0000000000
      -15.2000000000        0.0000000000        0.0000000000
      -12.4000000000        0.0000000000        0.0000000000
       -9.6000000000        0.0000000000        0.0000000000
       -6.8000000000        0.0000000000        0.0000000000
       -4.0000000000        0.0000000000        0.0000000000
       -1.2000000000        0.0000000000        0.0000000000
        1.6000000000        0.0000000000        0.0000000000
        4.4000000000        0.0000000000        0.0000000000
        7.2000000000        0.0000000000        0.0000000000
       10.0000000000        0.0000000000        0.0000000000
       12.8000000000        0.0000000000        0.0000000000
       15.6000000000        0.0000000000        0.0000000000
       18.4000000000        0.0000000000        0.0000000000
       21.2000000000        0.0000000000        0.0000000000
       24.0000000000        0.0000000000        0.0000000000
       26.8000000000        0.0000000000        0.0000000000
       29.6000000000        0.0000000000        0.0000000000
       32.4000000000        0.0000000000        0.0000000000
       35.2000000000        0.0000000000        0.0000000000
       38.0000000000        0.0000000000        0.0000000000
       40.8000000000        0.0000000000        0.0000000000
       43.6000000000        0.0000000000        0.0000000000
       46.4000000000        0.0000000000        0.0000000000
       49.2000000000        0.0000000000        0.0000000000
       52.0000000000        0.0000000000        0.0000000000
       54.8000000000        0.0000000000        0.0000000000
       57.6000000000        0.0000000000        0.0000000000
       60.4000000000        0.0000000000        0.0000000000
       63.2000000000        0.0000000000        0.0000000000
       66.0000000000        0.0000000000        0.0000000000
       68.8000000000        0.0000000000        0.0000000000
       71.6000000000        0.0000000000        0.0000000000
       74.4000000000        0.0000000000        0.0000000000
       77.2000000000        0.0000000000        0.0000000000
       80.0000000000        0.0000000000        0.0000000000
       82.8000000000        0.0000000000        0.0000000000
       85.6000000000        0.0000000000        0.0000000000
       88.4000000000        0.0000000000        0.0000000000
       91.2000000000        0.0000000000        0.0000000000
       94.0000000000        0.0000000000        0.0000000000
       96.8000000000        0.0000000000        0.0000000000
       99.6000000000        0.0000000000        0.0000000000
      102.4000000000        0.0000000000        0.0000000000
      105.2000000000        0.0000000000        0.0000000000
      108.0000000000        0.0000000000        0.0000000000
      110.8000000000        0.0000000000        0.0000000000
      113.6000000000        0.0000000000        0.0000000000
      116.4000000000        0.0000000000        0.0000000000
      119.2000000000        0.0000000000        0.0000000000
      122.0000000000        0.0000000000        0.0000000000
      124.8000000000        0.0000000000        0.0000000000
      127.6000000000        0.0000000000        0.0000000000
      130.4000000000        0.0000000000        0.0000000000
      133.2000000000        0.0000000000        0.0000000000
      136.0000000000        0.0000000000        0.0000000000
      138.8000000000        0.0000000000        0.0000000000
      141.6000000000        0.0000000000        0.0000000000
      144.4000000000        0.0000000000        0.0000000000
      147.2000000000        0.0000000000        0.0000000000
      150.0000000000        0.0000000000        0.0000000000
      152.8000000000        0.0000000000        0.0000000000
      155.6000000000        0.0000000000        0.0000000000
      158.4000000000        0.0000000000        0.0000000000
      161.2000000000        0.0000000000        0.0000000000
      164.0000000000        0.0000000000        0.0000000000
      166.8000000000        0.0000000000        0.0000000000
      169.6000000000        0.0000000000        0.0000000000
      172.4000000000        0.0000000000        0.0000000000
      175.2000000000        0.0000000000        0.0000000000
      178.0000000000        0.0000000000        0.0000000000
      180.8000000000        0.0000000000        0.0000000000
      183.6000000000        0.0000000000        0.0000000000
      186.4000000000        0.0000000000        0.0000000000
      189.2000000000        0.0000000000        0.0000000000
      192.0000000000        0.0000000000        0.0000000000
      194.8000000000        0.0000000000        0.0000000000
      197.6000000000        0.0000000000        0.0000000000
      200.4000000000        0.0000000000        0.0000000000
      203.2000000000        0.0000000000        0.0000000000
      206.0000000000        0.0000000000        0.0000000000
      208.8000000000        0.0000000000        0.0000000000
      211.6000000000        0.0000000000        0.0000000000
      214.4000000000        0.0000000000        0.0000000000
      217.2000000000        0.0000000000        0.0000000000
      220.0000000000        0.0000000000        0.0000000000
      222.8000000000        0.0000000000        0.0000000000
      225.6000000000        0.0000000000        0.0000000000
      228.4000000000        0.0000000000        0.0000000000
      231.2000000000        0.0000000003        0.0000000000
      234.0000000000        0.0000000019        0.0000000000
      236.8000000000        0.0000000104        0.0000000000
      239.6000000000        0.0000000527        0.0000000000
      242.4000000000        0.0000002467        0.0000000000
      245.2000000000        0.0000010671        0.0000000000
      248.0000000000        0.0000042859        0.0000000000
      250.8000000000        0.0000160434        0.0000000000
      253.6000000000        0.0000561737        0.0000000000
      256.4000000000        0.0001846024        0.0000000000
      259.2000000000        0.0005712193        0.0000000000
      262.0000000000        0.0016693365        0.0000000000
      264.8000000000        0.0046206013        0.0000000001
      267.6000000000        0.0121460367        0.0000000007
      270.4000000000        0.0303986465        0.0000000045
      273.2000000000        0.0726102670        0.0000000261
      276.0000000000        0.1659009775        0.0000001382
      278.8000000000        0.3633591284        0.0000006702
      281.6000000000        0.7644305236        0.0000029880
      284.4000000000        1.5476973452        0.0000122965
      287.2000000000        3.0211131111        0.0000468844
      290.0000000000        5.6954238981        0.0001662050
      292.8000000000       10.3865018729        0.0005496452
      295.6000000000       18.3512665312        0.0017010518
      298.4000000000       31.4594427343        0.0049414035
      301.2000000000       52.3994239786        0.0135117889
      304.0000000000       84.9110466654        0.0348716188
      306.8000000000      134.0315310458        0.0851595782
      309.6000000000      206.3339391581        0.1972623576
      312.4000000000      310.1312510015        0.4344064715
      315.2000000000      455.6147252087        0.9114427402
      318.0000000000      654.8937034067        1.8257170835
      320.8000000000      921.9062948362        3.4982524355
      323.6000000000     1272.1768462959        6.4236191661
      326.4000000000     1722.4065892788       11.3233141718
      329.2000000000     2289.8975738907       19.1930996646
      332.0000000000     2991.8256173054       31.3304870844
      334.8000000000     3844.3938080617       49.3257425234
      337.6000000000     4861.9122733580       74.9999405778
      340.4000000000     6055.8607159591      110.2778996504
      343.2000000000     7433.9963090920      156.9926796324
      346.0000000000     8999.5701013721      216.6309172293
      348.8000000000    10750.7099770269      290.0425652026
      351.6000000000    12680.0179358755      377.1515998828
      354.4000000000    14774.4150589280      476.7127001947
      357.2000000000    17015.2504673195      586.1600838283
      360.0000000000    19378.6725274246      701.5872665612
      362.8000000000    21836.2431655506      817.8809734945
      365.6000000000    24355.7609088668      929.0111074630
      368.4000000000    26902.2463160379     1028.4552862363
      371.2000000000    29439.0355395409     1109.7152796827
      374.0000000000    31928.9241690081     1166.8676108307
      376.8000000000    34335.3041218091     1195.0843128776
      379.6000000000    36623.2407034904     1191.0633044479
      382.4000000000    38760.4443288313     1153.3201700886
      385.2000000000    40718.1008929499     1082.3118941807
      388.0000000000    42471.5354791114      980.3849409900
      390.8000000000    44000.6950927413      851.5614318723
      393.6000000000    45290.4466360845      701.1949275452
      396.4000000000    46330.6957579677      535.5393083146
      399.2000000000    47116.3400818927      361.2794709398
      402.0000000000    47647.0763709064      185.0712072804
      404.8000000000    47927.0853378706       13.1308229148
      407.6000000000    47964.6201090644     -149.0954784440
      410.4000000000    47771.5249654074     -297.1647254933
      413.2000000000    47362.7101660446     -427.7673502609
      416.0000000000    46755.6066964230     -538.7596341654
      418.8000000000    45969.6219861676     -629.1118632021
      421.6000000000    45025.6143115351     -698.7908671351
      424.4000000000    43945.4000068053     -748.5979208665
      427.2000000000    42751.3039935658     -779.9827289756
      430.0000000000    41465.7606857615     -794.8519947468
      432.8000000000    40110.9691833857     -795.3875798361
      435.6000000000    38708.6039247517     -783.8851566014
      438.4000000000    37279.5796809165     -762.6201108311
      441.2000000000    35843.8679652042     -733.7436958809
      444.0000000000    34420.3605864561     -699.2093438635
      446.8000000000    33026.7751656691     -660.7267356273
      449.6000000000    31679.5969160878     -619.7397304347
      452.4000000000    30394.0508015310     -577.4234839677
      455.2000000000    29184.0982775561     -534.6959118986
      458.0000000000    28062.4531256093     -492.2389343565
      460.8000000000    27040.6113550712     -450.5255122407
      463.6000000000    26128.8907204891     -409.8492230349
      466.4000000000    25336.4760360002     -370.3539100284
      469.2000000000    24671.4671276359     -332.0616916827
      472.0000000000    24140.9269155897     -294.8982823479
      474.8000000000    23750.9277382583     -258.7151213513
      477.6000000000    23506.5945999010     -223.3082241965
      480.4000000000    23412.1445317903     -188.4339613200
      483.2000000000    23470.9216953578     -153.8221501980
      486.0000000000    23685.4282218242     -119.1869344511
      488.8000000000    24057.3510762440      -84.2359397436
      491.6000000000    24587.5854575345      -48.6781609467
      494.4000000000    25276.2554045900      -12.2309664097
      497.2000000000    26122.7323780934       25.3734814716
      500.0000000000    27125.6526350874       64.3821827978
      502.8000000000    28282.9342161919      105.0155167756
      505.6000000000    29591.7943310936      147.4616816219
      508.4000000000    31048.7678639926      191.8713881104
      511.2000000000    32649.7276341209      238.3528890539
      514.0000000000    34389.9069437755      286.9674632219
      516.8000000000    36263.9248334745      337.7254931093
      519.6000000000    38265.8143460846      390.5832828016
      522.4000000000    40389.0539836369      445.4407565850
      525.2000000000    42626.6024258593      502.1401628784
      528.0000000000    44970.9364713413      560.4658836050
      530.8000000000    47414.0920631692      620.1454184096
      533.6000000000    49947.7081726566      680.8515782382
      536.4000000000    52563.0732387210      742.2058857359
      539.2000000000    55251.1737972621      803.7831425160
      542.0000000000    58002.7448848902      865.1170872796
      544.8000000000    60808.3217644411      925.7070354821
      547.6000000000    63658.2924954813      985.0253619546
      550.4000000000    66542.9508607739     1042.5256635781
      553.2000000000    69452.5491585416     1097.6514204726
      556.0000000000    72377.3503792906     1149.8449616481
      558.8000000000    75307.6793037699     1198.5565348528
      561.6000000000    78233.9720841268     1243.2532803737
      564.4000000000    81146.8239022195     1283.4279145265
      567.2000000000    84037.0343361115     1318.6069400069
      570.0000000000    86895.6501067973     1348.3582165399
      572.8000000000    89714.0049210272     1372.2977455647
      575.6000000000    92483.7561716379     1390.0955461797
      578.4000000000    95196.9183030545     1401.4805253289
      581.2000000000    97845.8926957237     1406.2442723135
      584.0000000000   100423.4939683655     1404.2437352706
      586.8000000000   102922.9726404264     1395.4027644199
      589.6000000000   105338.0341383867     1379.7125328787
      592.4000000000   107662.8541681722     1357.2308700249
      595.2000000000   109892.0905114546     1328.0805641823
      598.0000000000   112020.8913358509     1292.4467103973
      600.8000000000   114044.9001377371     1250.5731949524
      603.6000000000   115960.2574615039     1202.7584208466
      606.4000000000   117763.5995605448     1149.3503876927
      609.2000000000   119452.0541831346     1090.7412453800
      612.0000000000   121023.2336807055     1027.3614435580
      614.8000000000   122475.2256469993      959.6735987279
      617.6000000000   123806.5813043410      888.1661977556
      620.4000000000   125016.3018580444      813.3472512731
      623.2000000000   126103.8230419508      735.7380030593
      626.0000000000   127068.9980775629      655.8667924771
      628.8000000000   127912.0792664161      574.2631567492
      631.6000000000   128633.6984304953      491.4522486695
      634.4000000000   129234.8464089004      407.9496336128
      637.2000000000   129716.8518108574      324.2565177516
      640.0000000000   130081.3592158003      240.8554475149
      642.8000000000   130330.3070008458      158.2065087897
      645.6000000000   130465.9049647784       76.7440433833
      648.4000000000   130490.6119058600       -3.1261099699
      651.2000000000   130407.1132985658      -81.0288521330
      654.0000000000   130218.2992019089     -156.6215480733
      656.8000000000   129927.2425195010     -229.5952571246
      659.6000000000   129537.1777190518     -299.6754930172
      662.4000000000   129051.4801067559     -366.6225428404
      665.2000000000   128473.6457400627     -430.2313781826
      668.0000000000   127807.2720507625     -490.3311947514
      670.8000000000   127056.0392392257     -546.7846188704
      673.6000000000   126223.6924900694     -599.4866204463
      676.4000000000   125314.0250495345     -648.3631723960
      679.2000000000   124330.8621954887     -693.3696961949
      682.0000000000   123278.0461222343     -734.4893322603
      684.8000000000   122159.4217542273     -771.7310724045
      687.6000000000   120978.8234953972     -805.1277896737
      690.4000000000   119740.0629140057     -834.7341986268
      693.2000000000   118446.9173568791     -860.6247765798
      696.0000000000   117103.1194813882     -882.8916736290
      698.8000000000   115712.3476887046     -901.6426364399
      701.6000000000   114278.2174376118     -916.9989679122
      704.4000000000   112804.2734144739     -929.0935419600
      707.2000000000   111293.9825318185     -938.0688898314
      710.0000000000   109750.7277253662     -944.0753716673
      712.8000000000   108177.8025171756     -947.2694444063
      715.6000000000   106578.4063108657     -947.8120346989
      718.4000000000   104955.6403835709     -945.8670232288
      721.2000000000   103312.5045383549     -941.5998447543
      724.0000000000   101651.8943802258     -935.1762062994
      726.8000000000    99976.5991786159     -926.7609242325
      729.6000000000    98289.3002791950     -916.5168794865
      732.4000000000    96592.5700281342     -904.6040888754
      735.2000000000    94888.8711724080     -891.1788893606
      738.0000000000    93180.5567003866     -876.3932311920
      740.8000000000    91469.8700877943     -860.3940750933
      743.6000000000    89758.9459150843     -843.3228880638
      746.4000000000    88049.8108233649     -825.3152319109
      749.2000000000    86344.3847772029     -806.5004383117
      752.0000000000    84644.4826038930     -787.0013639902
      754.8000000000    82951.8157801098     -766.9342195069
      757.6000000000    81267.9944382324     -746.4084651432
      760.4000000000    79594.5295660308     -725.5267674404
      763.2000000000    77932.8353748252     -704.3850100930
      766.0000000000    76284.2318126527     -683.0723530925
      768.8000000000    74649.9472003977     -661.6713342597
      771.6000000000    73031.1209702456     -640.2580075870
      774.4000000000    71428.8064872066     -618.9021131145
      777.2000000000    69843.9739358088     -597.6672733947
      780.0000000000    68277.5132553831     -576.6112119395
      782.8000000000    66730.2371086433     -555.7859893899
      785.6000000000    65202.8838694995     -535.2382534983
      788.4000000000    63696.1206172407     -515.0094993589
      791.2000000000    62210.5461253561     -495.1363366609
      794.0000000000    60746.6938343652     -475.6507610665
      796.8000000000    59305.0347990558     -456.5804271356
      799.6000000000    57885.9806015235     -437.9489205177
      802.4000000000    56489.8862223334     -419.7760274187
      805.2000000000    55117.0528630053     -402.0779996195
      808.0000000000    53767.7307138524     -384.8678135740
      810.8000000000    52442.1216619753     -368.1554223449
      813.6000000000    51140.3819349382     -351.9479993534
      816.4000000000    49862.6246763314     -336.2501731115
      819.2000000000    48608.9224500429     -321.0642522870
      822.0000000000    47379.3096706516     -306.3904406104
      824.8000000000    46173.7849578793     -292.2270412776
      827.6000000000    44992.3134135385     -278.5706506337
      830.4000000000    43834.8288198584     -265.4163410323
      833.2000000000    42701.2357584848     -252.7578328689
      836.0000000000    41591.4116498245     -240.5876558705
      838.8000000000    40505.2087127408     -228.8972998004
      841.6000000000    39442.4558449155     -217.6773547975
      844.4000000000    38402.9604244634     -206.9176416245
      847.2000000000    37386.5100336331     -196.6073321416
      850.0000000000    36392.8741056402     -186.7350603584
      852.8000000000    35421.8054958749     -177.2890244417
      855.6000000000    34473.0419788889     -168.2570800801
      858.4000000000    33546.3076727121     -159.6268256179
      861.2000000000    32641.3143921737     -151.3856793820
      864.0000000000    31757.7629330065     -143.5209496281
      866.8000000000    30895.3442885986     -136.0198975324
      869.6000000000    30053.7408013298     -128.8697936542
      872.4000000000    29232.6272504830     -122.0579682842
      875.2000000000    28431.6718787638     -115.5718560878
      878.0000000000    27650.5373594927     -109.3990354414
      880.8000000000    26888.8817065503     -103.5272628431
      883.6000000000    26146.3591291651      -97.9445027716
      886.4000000000    25422.6208336341      -92.6389533460
      889.2000000000    24717.3157740551      -87.5990681270
      892.0000000000    24030.0913541352      -82.8135743814
      894.8000000000    23360.5940821165      -78.2714881184
      897.6000000000    22708.4701808313      -73.9621261839
      900.4000000000    22073.3661548672      -69.8751156888
      903.2000000000    21454.9293167835      -66.0004010257
      906.0000000000    20852.8082742798      -62.3282487137
      908.8000000000    20266.6533801719      -58.8492502972
      911.6000000000    19696.1171469860      -55.5543235052
      914.4000000000    19140.8546279297      -52.4347118663
      917.2000000000    18600.5237659491      -49.4819829581
      920.0000000000    18074.7857125295      -46.6880254571
      922.8000000000    17563.3051178420      -44.0450451415
      925.6000000000    17065.7503937873      -41.5455599870
      928.4000000000    16581.7939514301      -39.1823944847
      931.2000000000    16111.1124142677      -36.9486732973
      934.0000000000    15653.3868087173      -34.8378143615
      936.8000000000    15208.3027331564      -32.8435215323
      939.6000000000    14775.5505067958      -30.9597768594
      942.4000000000    14354.8252996107      -29.1808325716
      945.2000000000    13945.8272445075      -27.5012028430
      948.0000000000    13548.2615328470      -25.9156554047
      950.8000000000    13161.8384944007      -24.4192030569
      953.6000000000    12786.2736627639      -23.0070951342
      956.4000000000    12421.2878272033      -21.6748089681
      959.2000000000    12066.6070718711      -20.4180413853
      962.0000000000    11721.9628032708      -19.2327002775
      964.8000000000    11387.0917668162      -18.1148962715
      967.6000000000    11061.7360532867      -17.0609345259
      970.4000000000    10745.6430959335      -16.0673066767
      973.2000000000    10438.5656589601      -15.1306829497
      976.0000000000    10140.2618180555      -14.2479044556
      978.8000000000     9850.4949336259      -13.4159756806
      981.6000000000     9569.0336173338      -12.6320571825
      984.4000000000     9295.6516925193      -11.8934585009
      987.2000000000     9030.1281490459      -11.1976312864
      990.0000000000     8772.2470930826      -10.5421626539
      992.8000000000     8521.7976923030       -9.9247687624
      995.6000000000     8278.5741169535       -9.3432886221
      998.4000000000     8042.3754772172       -8.7956781292
     1001.2000000000     7813.0057572710       -8.2800043270
     1004.0000000000     7590.2737464105       -7.7944398915
     1006.8000000000     7373.9929675932       -7.3372578381
     1009.6000000000     7163.9816037276       -6.9068264469
     1012.4000000000     6960.0624220134       -6.5016044010
     1015.2000000000     6762.0626966202       -6.1201361342
     1018.0000000000     6569.8141299687       -5.7610473829
     1020.8000000000     6383.1527728647       -5.4230409364
     1023.6000000000     6201.9189437128       -5.1048925803
     1026.4000000000     6025.9571470275       -4.8054472272
     1029.2000000000     5855.1159914361       -4.5236152284
     1032.0000000000     5689.2481073590       -4.2583688608
     1034.8000000000     5528.2100645349       -4.0087389827
     1037.6000000000     5371.8622895489       -3.7738118523
     1040.4000000000     5220.0689835040       -3.5527261032
     1043.2000000000     5072.6980399712       -3.3446698699
     1046.0000000000     4929.6209633356       -3.1488780583
     1048.8000000000     4790.7127876514       -2.9646297543
     1051.6000000000     4655.8519961036       -2.7912457658
     1054.4000000000     4524.9204411703       -2.6280862910
     1057.2000000000     4397.8032655661       -2.4745487086
     1060.0000000000     4274.3888240418       -2.3300654838
     1062.8000000000     4154.5686061077       -2.1941021851
     1065.6000000000     4038.2371597394       -2.0661556066
     1068.4000000000     3925.2920161197       -1.9457519912
     1071.2000000000     3815.6336154640       -1.8324453494
     1074.0000000000     3709.1652339692       -1.7258158691
     1076.8000000000     3605.7929119229       -1.6254684126
     1079.6000000000     3505.4253830028       -1.5310310961
     1082.4000000000     3407.9740047934       -1.4421539469
     1085.2000000000     3313.3526905404       -1.3585076355
     1088.0000000000     3221.4778421614       -1.2797822782
     1090.8000000000     3132.2682845269       -1.2056863067
     1093.6000000000     3045.6452010215       -1.1359454010
     1096.4000000000     2961.5320703930       -1.0703014825
     1099.2000000000     2879.8546048938       -1.0085117640
     1102.0000000000     2800.5406897168       -0.9503478542
     1104.8000000000     2723.5203237235       -0.8955949122
     1107.6000000000     2648.7255614630       -0.8440508515
     1110.4000000000     2576.0904564761       -0.7955255885
     1113.2000000000     2505.5510058768       -0.7498403355
     1116.0000000000     2437.0450962034       -0.7068269334
     1118.8000000000     2370.5124505286       -0.6663272233
     1121.6000000000     2305.8945768165       -0.6281924551
     1124.4000000000     2243.1347175139       -0.5922827298
     1127.2000000000     2182.1778003615       -0.5584664745
     1130.0000000000     2122.9703904101       -0.5266199481
     1132.8000000000     2065.4606432250       -0.4966267761
     1135.6000000000     2009.5982592628       -0.4683775125
     1138.4000000000     1955.3344394021       -0.4417692274
     1141.2000000000     1902.6218416099       -0.4167051187
     1144.0000000000     1851.4145387253       -0.3930941474
     1146.8000000000     1801.6679773421       -0.3708506935
     1149.6000000000     1753.3389377679       -0.3498942330
     1152.4000000000     1706.3854950439       -0.3301490336
     1155.2000000000     1660.7669810017       -0.3115438687
     1158.0000000000     1616.4439473384       -0.2940117481
     1160.8000000000     1573.3781296902       -0.2774896648
     1163.6000000000     1531.5324126818       -0.2619183573
     1166.4000000000     1490.8707959339       -0.2472420853
     1169.2000000000     1451.3583610051       -0.2334084195
     1172.0000000000     1412.9612392509       -0.2203680431
     1174.8000000000     1375.6465805766       -0.2080745664
     1177.6000000000     1339.3825230651       -0.1964843512
     1180.4000000000     1304.1381634599       -0.1855563462
     1183.2000000000     1269.8835284820       -0.1752519328
     1186.0000000000     1236.5895469612       -0.1655347791
     1188.8000000000     1204.2280227633       -0.1563707037
     1191.6000000000     1172.7716084920       -0.1477275467
     1194.4000000000     1142.1937799476       -0.1395750490
     1197.2000000000     1112.4688113233       -0.1318847389
     1200.0000000000     1083.5717511202       -0.1246298252
